0 0.640625 0.9265625 0.1640625 0.14140625
0 0.82265625 0.94609375 0.14296875 0.103125
0 0.63359375 0.81015625 0.15 0.21484375
0 0.49609375 0.7796875 0.12578125 0.14375
0 0.20234375 0.79765625 0.1359375 0.12578125
0 0.12734375 0.92578125 0.24296875 0.14375
0 0.30390625 0.746875 0.1 0.1140625
0 0.41484375 0.97265625 0.29296875 0.05
0 0.1921875 0.58359375 0.09609375 0.11171875
0 0.49765625 0.58203125 0.0875 0.109375
0 0.25390625 0.65546875 0.10703125 0.16015625
0 0.1671875 0.75546875 0.10546875 0.16875
0 0.39375 0.6109375 0.07578125 0.0890625
0 0.02890625 0.69140625 0.05546875 0.128125
0 0.60078125 0.61171875 0.09609375 0.1046875
0 0.15 0.6640625 0.10546875 0.13203125
0 0.4390625 0.89921875 0.15859375 0.109375
0 0.290625 0.596875 0.08984375 0.103125
0 0.52890625 0.45546875 0.05703125 0.07109375
0 0.44375 0.0515625 0.015625 0.0203125
0 0.34921875 0.3765625 0.05 0.059375
0 0.359375 0.50078125 0.05859375 0.06171875
0 0.23828125 0.5375 0.06015625 0.075
0 0.5890625 0.54375 0.08125 0.1234375
0 0.50234375 0.5171875 0.07265625 0.06171875
0 0.43125 0.45625 0.0625 0.0640625
0 0.34140625 0.24765625 0.03125 0.0390625
0 0.4125 0.4828125 0.05546875 0.06171875
0 0.4359375 0.36875 0.05703125 0.05234375
0 0.4875 0.17890625 0.03125 0.0203125
0 0.4015625 0.39296875 0.04296875 0.03671875
0 0.5 0.40078125 0.0484375 0.04765625
0 0.365625 0.440625 0.0625 0.0640625
0 0.70703125 0.509375 0.08359375 0.1546875
0 0.27265625 0.3828125 0.05390625 0.09296875
0 0.4484375 0.165625 0.021875 0.04375