0 0.375 0.9703125 0.13046875 0.05859375
0 0.0625 0.9671875 0.125 0.065625
0 0.2328125 0.9421875 0.1390625 0.115625
0 0.65234375 0.92421875 0.134375 0.15078125
0 0.8890625 0.990625 0.15703125 0.01796875
0 0.0234375 0.8 0.046875 0.11875
0 0.5234375 0.73515625 0.07734375 0.103125
0 0.709375 0.8109375 0.08515625 0.12421875
0 0.0921875 0.9234375 0.11875 0.153125
0 0.41328125 0.8984375 0.09375 0.146875
0 0.0734375 0.73828125 0.0890625 0.11328125
0 0.15703125 0.859375 0.10234375 0.13046875
0 0.6890625 0.59453125 0.046875 0.065625
0 0.41953125 0.7765625 0.09140625 0.13046875
0 0.275 0.753125 0.08359375 0.1078125
0 0.20078125 0.60546875 0.0421875 0.06640625
0 0.60703125 0.8765625 0.0875 0.13984375
0 0.56640625 0.6328125 0.0546875 0.075
0 0.14921875 0.78515625 0.09296875 0.1296875
0 0.2203125 0.56328125 0.0484375 0.0640625
0 0.19375 0.63203125 0.03046875 0.07421875
0 0.51328125 0.9375 0.14140625 0.125
0 0.26015625 0.89296875 0.10546875 0.1328125
0 0.10859375 0.69921875 0.071875 0.08828125
0 0.3078125 0.659375 0.06796875 0.09609375
0 0.25078125 0.53984375 0.0375 0.04375
0 0.33515625 0.5640625 0.03671875 0.03671875
0 0.38203125 0.59921875 0.05 0.0640625
0 0.19375 0.7171875 0.06953125 0.0921875
0 0.4859375 0.68359375 0.05625 0.07421875
0 0.43828125 0.7390625 0.0640625 0.0890625
0 0.434375 0.63984375 0.0546875 0.07890625
0 0.29296875 0.56171875 0.03828125 0.05078125
0 0.61171875 0.58515625 0.04375 0.0484375
0 0.2671875 0.51875 0.0390625 0.04765625
0 0.17890625 0.74765625 0.06796875 0.09921875
0 0.33125 0.6109375 0.053125 0.0640625
0 0.2734375 0.58671875 0.05078125 0.06640625
0 0.246875 0.6359375 0.059375 0.06875
0 0.496875 0.49921875 0.03515625 0.03203125
0 0.484375 0.5765625 0.046875 0.05078125
0 0.51875 0.4890625 0.0234375 0.0296875
0 0.221875 0.68203125 0.06015625 0.08359375
0 0.55859375 0.490625 0.028125 0.02890625
0 0.34765625 0.54375 0.03828125 0.03984375
0 0.55 0.52578125 0.0359375 0.0421875
0 0.5953125 0.5578125 0.0390625 0.05078125
0 0.3796875 0.5 0.02734375 0.0328125
0 0.278125 0.7 0.0734375 0.06484375
0 0.39765625 0.55234375 0.034375 0.03984375
0 0.31875 0.5265625 0.028125 0.03828125
0 0.1328125 0.6515625 0.0609375 0.08828125
0 0.259375 0.61875 0.05625 0.05703125
0 0.65625 0.5359375 0.03046875 0.03515625