0 0.03828125 0.8859375 0.0765625 0.2
0 0.1703125 0.88046875 0.20625 0.2390625
0 0.07578125 0.7046875 0.15078125 0.22890625
0 0.51640625 0.22734375 0.10078125 0.07265625
0 0.265625 0.7765625 0.1859375 0.28125
0 0.9609375 0.97109375 0.078125 0.0578125
0 0.92265625 0.8578125 0.12734375 0.16796875
0 0.35703125 0.61953125 0.12734375 0.16796875
0 0.03515625 0.4375 0.0703125 0.10078125
0 0.0375 0.35234375 0.075 0.0984375
0 0.45 0.346875 0.08046875 0.1203125
0 0.18203125 0.634375 0.1359375 0.1984375
0 0.30625 0.68359375 0.1328125 0.17578125
0 0.81796875 0.5765625 0.0921875 0.1078125
0 0.42734375 0.41953125 0.10234375 0.15078125
0 0.41171875 0.48203125 0.0921875 0.140625
0 0.43984375 0.28671875 0.07734375 0.10546875
0 0.31015625 0.40546875 0.08359375 0.11328125
0 0.31875 0.2953125 0.09375 0.078125
0 0.72578125 0.64921875 0.07578125 0.09296875
0 0.14375 0.4375 0.0953125 0.13046875
0 0.15390625 0.3703125 0.08203125 0.08828125
0 0.11484375 0.3578125 0.06875 0.11328125
0 0.2171875 0.2875 0.071875 0.07265625
0 0.70859375 0.690625 0.071875 0.0953125
0 0.8828125 0.74140625 0.09375 0.090625
0 0.2609375 0.434375 0.10546875 0.08515625
0 0.28359375 0.48515625 0.10390625 0.10078125
0 0.30703125 0.340625 0.07734375 0.07265625
0 0.375 0.5515625 0.10234375 0.13828125
0 0.0671875 0.9921875 0.134375 0.01484375
0 0.071875 0.55390625 0.14375 0.2234375
0 0.23515625 0.54140625 0.12109375 0.14296875