0 0.93984375 0.65546875 0.115625 0.17421875
0 0.7671875 0.78203125 0.2140625 0.25
0 0.71171875 0.94765625 0.17578125 0.10078125
0 0.55 0.653125 0.16796875 0.13515625
0 0.425 0.79921875 0.41796875 0.396875
0 0.8140625 0.69453125 0.1921875 0.1890625
0 0.909375 0.56484375 0.14609375 0.14453125
0 0.6078125 0.8015625 0.17578125 0.20625
0 0.73515625 0.5453125 0.1203125 0.1171875
0 0.81484375 0.4390625 0.1375 0.0984375
0 0.59140625 0.3890625 0.09609375 0.09609375
0 0.46796875 0.45078125 0.115625 0.1078125
0 0.41484375 0.3875 0.0921875 0.07109375
0 0.3015625 0.40390625 0.0859375 0.06328125
0 0.26171875 0.36484375 0.096875 0.0828125
0 0.25859375 0.31328125 0.0828125 0.065625
0 0.475 0.32109375 0.07578125 0.078125
0 0.378125 0.3140625 0.06953125 0.046875
0 0.53125 0.17890625 0.06796875 0.06640625
0 0.75 0.31171875 0.05625 0.05859375
0 0.56484375 0.290625 0.06953125 0.05390625
0 0.44140625 0.26171875 0.07890625 0.05703125
0 0.3203125 0.234375 0.0671875 0.06328125
0 0.25625 0.15234375 0.0578125 0.05078125
0 0.32265625 0.09375 0.0515625 0.05234375
0 0.678125 0.48125 0.10625 0.075
0 0.7109375 0.39140625 0.09140625 0.08828125
0 0.328125 0.55390625 0.10234375 0.08984375
0 0.91875 0.43046875 0.096875 0.09609375
0 0.55546875 0.53671875 0.1140625 0.06875