0 0.8921875 0.89609375 0.203125 0.2078125
0 0.49375 0.94296875 0.175 0.1140625
0 0.65390625 0.828125 0.1515625 0.209375
0 0.8625 0.45703125 0.0828125 0.10078125
0 0.27109375 0.91484375 0.19296875 0.1703125
0 0.80546875 0.3484375 0.0609375 0.08671875
0 0.91484375 0.5 0.084375 0.134375
0 0.2421875 0.5609375 0.084375 0.07421875
0 0.9609375 0.5984375 0.078125 0.16796875
0 0.4296875 0.50859375 0.0703125 0.07421875
0 0.82578125 0.4109375 0.0796875 0.1109375
0 0.60859375 0.5984375 0.10859375 0.09140625
0 0.4125 0.584375 0.09296875 0.10078125
0 0.7859375 0.6609375 0.10234375 0.1296875
0 0.76484375 0.5875 0.11171875 0.12734375
0 0.8328125 0.7140625 0.1421875 0.14453125
0 0.7578125 0.509375 0.11953125 0.125
0 0.79453125 0.16484375 0.04921875 0.06015625
0 0.83984375 0.77734375 0.1421875 0.13203125
0 0.465625 0.640625 0.09140625 0.1078125
0 0.35 0.8171875 0.10859375 0.1875
0 0.4078125 0.43515625 0.08125 0.071875
0 0.72265625 0.45546875 0.09140625 0.1078125
0 0.5484375 0.84765625 0.1546875 0.103125
0 0.78828125 0.20703125 0.05234375 0.0765625
0 0.22265625 0.71171875 0.0625 0.10078125
0 0.60859375 0.7171875 0.09609375 0.13671875
0 0.846875 0.87109375 0.14375 0.19453125
0 0.91875 0.24375 0.04140625 0.0265625
0 0.31796875 0.42421875 0.0671875 0.05546875
0 0.7140625 0.334375 0.0640625 0.071875
0 0.4921875 0.475 0.0703125 0.05546875
0 0.37265625 0.7140625 0.1421875 0.14921875
0 0.6953125 0.14921875 0.03984375 0.03828125
0 0.4296875 0.2984375 0.0546875 0.0484375
0 0.29921875 0.48671875 0.071875 0.07421875
0 0.56796875 0.234375 0.071875 0.06015625
0 0.56875 0.92734375 0.14375 0.1453125
0 0.39921875 0.22265625 0.04140625 0.05546875
0 0.72265625 0.2453125 0.0625 0.0765625
0 0.28828125 0.8328125 0.1578125 0.18046875
0 0.7078125 0.16953125 0.04765625 0.040625
0 0.98046875 0.24140625 0.03828125 0.03125
0 0.534375 0.31953125 0.04921875 0.03359375
0 0.93125 0.34609375 0.03203125 0.0671875
0 0.715625 0.21171875 0.05078125 0.053125
0 0.4953125 0.53515625 0.0734375 0.0890625
0 0.76640625 0.07421875 0.02265625 0.03359375
0 0.51484375 0.21640625 0.03046875 0.03359375
0 0.32421875 0.26953125 0.0578125 0.02421875
0 0.50390625 0.43359375 0.065625 0.07421875
0 0.49296875 0.31875 0.04296875 0.0453125
0 0.54375 0.2859375 0.04296875 0.03828125
0 0.3640625 0.25703125 0.04765625 0.03828125
0 0.50859375 0.2546875 0.05234375 0.0484375
0 0.38125 0.48828125 0.06875 0.0578125
0 0.70703125 0.39921875 0.084375 0.09609375
0 0.74921875 0.04296875 0.02578125 0.02421875
0 0.7453125 0.06953125 0.02734375 0.03359375
0 0.9734375 0.2859375 0.04921875 0.0671875
0 0.68828125 0.05625 0.04765625 0.06015625
0 0.4765625 0.21640625 0.04609375 0.0484375
0 0.43359375 0.2171875 0.03671875 0.05078125
0 0.7140625 0.1828125 0.04453125 0.02890625
0 0.51015625 0.4 0.075 0.06953125
0 0.790625 0.27421875 0.0734375 0.09140625
0 0.2234375 0.509375 0.04765625 0.053125
0 0.42421875 0.41328125 0.08125 0.071875
0 0.946875 0.34609375 0.0625 0.071875
0 0.13046875 0.99375 0.1515625 0.01171875
0 0.41953125 0.69453125 0.075 0.1203125
0 0.0953125 0.7453125 0.18984375 0.3796875