0 0.4453125 0.94921875 0.1265625 0.1015625
0 0.1328125 0.94609375 0.1375 0.1078125
0 0.30703125 0.921875 0.13515625 0.15625
0 0.7140625 0.9046875 0.13046875 0.190625
0 0.03125 0.8484375 0.0625 0.15625
0 0.934375 0.96875 0.13125 0.0625
0 0.08125 0.76328125 0.0875 0.11484375
0 0.58984375 0.69921875 0.075 0.1
0 0.76953125 0.77265625 0.0828125 0.12109375
0 0.17109375 0.88359375 0.115625 0.1515625
0 0.48203125 0.8578125 0.09140625 0.14296875
0 0.15234375 0.70234375 0.08671875 0.11015625
0 0.23359375 0.81953125 0.09921875 0.12734375
0 0.75 0.56171875 0.0453125 0.06328125
0 0.4890625 0.7390625 0.0890625 0.12734375
0 0.3484375 0.71640625 0.08125 0.1046875
0 0.2765625 0.57265625 0.04140625 0.06484375
0 0.67109375 0.83671875 0.084375 0.1359375
0 0.63125 0.59921875 0.053125 0.07265625
0 0.22578125 0.746875 0.08984375 0.12578125
0 0.29453125 0.53203125 0.046875 0.0625
0 0.26875 0.5984375 0.0296875 0.071875
0 0.5796875 0.9171875 0.1375 0.165625
0 0.33359375 0.8515625 0.10234375 0.12890625
0 0.1859375 0.66328125 0.06953125 0.08515625
0 0.38046875 0.625 0.06640625 0.09296875
0 0.32421875 0.509375 0.03671875 0.04296875
0 0.40625 0.5328125 0.0359375 0.0359375
0 0.45234375 0.5671875 0.0484375 0.0625
0 0.26953125 0.68125 0.06796875 0.0890625
0 0.553125 0.6484375 0.0546875 0.071875
0 0.50703125 0.703125 0.06171875 0.0859375
0 0.503125 0.60625 0.053125 0.0765625
0 0.365625 0.53046875 0.0375 0.04921875
0 0.67578125 0.553125 0.0421875 0.046875
0 0.340625 0.48828125 0.0375 0.04609375
0 0.04453125 0.515625 0.05 0.03515625
0 0.2546875 0.7109375 0.06640625 0.09609375
0 0.40234375 0.578125 0.0515625 0.0625
0 0.34609375 0.5546875 0.04921875 0.06484375
0 0.32109375 0.60234375 0.0578125 0.06640625
0 0.5640625 0.46953125 0.03359375 0.03125
0 0.5515625 0.5453125 0.0453125 0.05
0 0.58515625 0.459375 0.02265625 0.02890625
0 0.296875 0.64765625 0.05859375 0.08125
0 0.6234375 0.4609375 0.02734375 0.028125
0 0.41875 0.51328125 0.03671875 0.03828125
0 0.615625 0.4953125 0.03515625 0.040625
0 0.659375 0.5265625 0.0375 0.04921875
0 0.45 0.47109375 0.0265625 0.03203125
0 0.3515625 0.66484375 0.07109375 0.06328125
0 0.4671875 0.52109375 0.0328125 0.03828125
0 0.390625 0.496875 0.02734375 0.03671875
0 0.21015625 0.61796875 0.059375 0.08515625
0 0.3328125 0.58515625 0.0546875 0.05546875
0 0.71875 0.50546875 0.0296875 0.03359375