0 0.11484375 0.59453125 0.16171875 0.2015625
0 0.0421875 0.45625 0.084375 0.1234375
0 0.2859375 0.63828125 0.146875 0.1984375
0 0.584375 0.6609375 0.165625 0.23828125
0 0.371875 0.30234375 0.09765625 0.09375
0 0.38046875 0.3703125 0.084375 0.10234375
0 0.296875 0.45 0.1125 0.159375
0 0.95859375 0.39296875 0.0828125 0.13515625
0 0.46875 0.2421875 0.09609375 0.09375
0 0.3375 0.2109375 0.08046875 0.07265625
0 0.41328125 0.4171875 0.08984375 0.0875
0 0.1625 0.4578125 0.13359375 0.18046875
0 0.259375 0.13671875 0.06015625 0.06953125
0 0.03828125 0.31171875 0.0765625 0.1234375
0 0.2515625 0.28125 0.08671875 0.0875
0 0.1421875 0.27109375 0.08046875 0.084375
0 0.3421875 0.2515625 0.07109375 0.075
0 0.03515625 0.21875 0.06953125 0.0875
0 0.22734375 0.1734375 0.07109375 0.075
0 0.240625 0.2109375 0.06796875 0.06015625
0 0.48984375 0.31640625 0.065625 0.1203125
0 0.1 0.3734375 0.15 0.1328125
0 0.2140625 0.11484375 0.0453125 0.0484375
0 0.059375 0.1171875 0.046875 0.0421875
0 0.30390625 0.17734375 0.07734375 0.07265625
0 0.05 0.0828125 0.05859375 0.05703125
0 0.1515625 0.1578125 0.0546875 0.075
0 0.0140625 0.2046875 0.028125 0.09609375
0 0.140625 0.2171875 0.0828125 0.078125
0 0.646875 0.3890625 0.2359375 0.38203125
0 0.43671875 0.12890625 0.1671875 0.1796875
0 0.3328125 0.06484375 0.09453125 0.11875
0 0.93984375 0.5875 0.1203125 0.259375