0 0.2265625 0.9671875 0.18359375 0.06484375
0 0.04921875 0.84453125 0.0984375 0.1953125
0 0.5546875 0.9265625 0.16484375 0.146875
0 0.1015625 0.72109375 0.1046875 0.1609375
0 0.6140625 0.80625 0.13046875 0.175
0 0.8296875 0.94296875 0.15625 0.1140625
0 0.28125 0.8375 0.14296875 0.20234375
0 0.6125 0.68828125 0.1171875 0.13046875
0 0.12578125 0.41953125 0.0765625 0.11328125
0 0.1921875 0.56015625 0.09375 0.1265625
0 0.33203125 0.73984375 0.1046875 0.1578125
0 0.96015625 0.7875 0.07890625 0.178125
0 0.57890625 0.625 0.10703125 0.13359375
0 0.221875 0.4828125 0.08515625 0.1234375
0 0.7734375 0.73828125 0.12421875 0.13359375
0 0.66953125 0.2859375 0.0703125 0.071875
0 0.80625 0.8921875 0.14296875 0.18125
0 0.99140625 0.875 0.0171875 0.18828125
0 0.5734375 0.54140625 0.10078125 0.09609375
0 0.40625 0.45546875 0.08125 0.08203125
0 0.43359375 0.40546875 0.08125 0.09921875
0 0.9453125 0.734375 0.10859375 0.175
0 0.04140625 0.5984375 0.0828125 0.178125
0 0.7765625 0.84453125 0.13046875 0.1953125
0 0.46484375 0.6796875 0.14296875 0.25
0 0.40703125 0.95 0.075 0.09921875
0 0.29140625 0.75859375 0.121875 0.11328125
0 0.821875 0.40234375 0.08359375 0.11953125
0 0.3453125 0.68125 0.10859375 0.1640625
0 0.0515625 0.2171875 0.10234375 0.18828125
0 0.72734375 0.56640625 0.10078125 0.10625
0 0.56328125 0.16640625 0.053125 0.05859375
0 0.93125 0.60625 0.10234375 0.109375
0 0.02421875 0.42890625 0.0484375 0.0984375
0 0.6984375 0.3609375 0.0765625 0.071875
0 0.08046875 0.47265625 0.0921875 0.13671875
0 0.77890625 0.66953125 0.1171875 0.09921875
0 0.5640625 0.4828125 0.08515625 0.103125
0 0.75625 0.60625 0.10703125 0.103125
0 0.85390625 0.44140625 0.07890625 0.103125
0 0.571875 0.31484375 0.075 0.08203125
0 0.38046875 0.54296875 0.09375 0.071875
0 0.921875 0.50859375 0.10078125 0.09921875
0 0.70390625 0.48125 0.0921875 0.0921875
0 0.3921875 0.496875 0.0875 0.08203125
0 0.1734375 0.36796875 0.0515625 0.0921875
0 0.05859375 0.38203125 0.06171875 0.07890625
0 0.56328125 0.38671875 0.07890625 0.075
0 0.21484375 0.3015625 0.06171875 0.0890625
0 0.97421875 0.4640625 0.0515625 0.140625
0 0.2 0.33046875 0.0578125 0.0859375
0 0.571875 0.2109375 0.06640625 0.05859375
0 0.72109375 0.175 0.06171875 0.075
0 0.9390625 0.6796875 0.121875 0.146875
0 0.571875 0.43359375 0.08359375 0.07890625
0 0.2765625 0.425 0.053125 0.0890625
0 0.85703125 0.521875 0.046875 0.11328125
0 0.57265625 0.25546875 0.07265625 0.06484375
0 0.70078125 0.4125 0.08984375 0.071875
0 0.44765625 0.34453125 0.0578125 0.07890625
0 0.4640625 0.29765625 0.05546875 0.075
0 0.12265625 0.1796875 0.053125 0.0921875
0 0.36015625 0.6109375 0.08359375 0.0921875