0 0.91875 0.8671875 0.1625 0.2515625
0 0.45390625 0.37734375 0.0734375 0.090625
0 0.22265625 0.19140625 0.04140625 0.05390625
0 0.44453125 0.14921875 0.03984375 0.03671875
0 0.615625 0.24140625 0.0671875 0.046875
0 0.140625 0.0953125 0.02109375 0.03046875
0 0.15390625 0.02890625 0.01328125 0.0234375
0 0.20546875 0.11875 0.0375 0.05703125
0 0.14921875 0.07734375 0.03046875 0.040625
0 0.12421875 0.03359375 0.03046875 0.040625
0 0.4015625 0.10546875 0.0375 0.05
0 0.4078125 0.1125 0.02265625 0.03671875
0 0.5015625 0.5109375 0.1453125 0.2015625