0 0.77578125 0.95 0.1984375 0.1
0 0.92265625 0.9453125 0.1546875 0.109375
0 0.35859375 0.82890625 0.15 0.1421875
0 0.090625 0.49296875 0.1625 0.10234375
0 0.79375 0.82890625 0.1921875 0.16953125
0 0.5828125 0.56953125 0.18125 0.09765625
0 0.64453125 0.83515625 0.178125 0.171875
0 0.30546875 0.94609375 0.1765625 0.1078125
0 0.48203125 0.4921875 0.15625 0.0859375
0 0.05859375 0.62578125 0.1171875 0.1140625
0 0.2140625 0.59453125 0.08203125 0.1234375
0 0.95390625 0.821875 0.0921875 0.1375
0 0.41953125 0.54296875 0.11796875 0.1
0 0.96015625 0.73125 0.07890625 0.0765625
0 0.48046875 0.29453125 0.0296875 0.04453125
0 0.2859375 0.5234375 0.08515625 0.09765625
0 0.37890625 0.26015625 0.04921875 0.046875
0 0.49609375 0.36171875 0.06328125 0.053125
0 0.43125 0.2953125 0.05703125 0.0421875
0 0.30703125 0.28359375 0.06640625 0.05078125
0 0.44453125 0.2734375 0.04296875 0.04453125
0 0.403125 0.24765625 0.05390625 0.053125
0 0.27890625 0.1953125 0.04609375 0.0421875
0 0.440625 0.22890625 0.05078125 0.04453125
0 0.60625 0.43046875 0.10703125 0.13984375
0 0.25390625 0.27890625 0.05234375 0.05546875
0 0.0640625 0.3375 0.09140625 0.06015625
0 0.321875 0.5859375 0.10546875 0.171875
0 0.421875 0.203125 0.05390625 0.03515625
0 0.359375 0.22421875 0.04609375 0.03515625
0 0.24609375 0.16015625 0.05546875 0.046875
0 0.27265625 0.240625 0.05234375 0.03984375
0 0.0921875 0.1921875 0.05703125 0.053125
0 0.965625 0.58359375 0.06796875 0.08359375
0 0.20234375 0.7828125 0.11484375 0.2125
0 0.83046875 0.44296875 0.3390625 0.11875
0 0.58515625 0.56953125 0.1453125 0.07734375
0 0.534375 0.3 0.0890625 0.07578125
0 0.18359375 0.4015625 0.08671875 0.0625