0 0.80546875 0.96640625 0.190625 0.0671875
0 0.96875 0.83828125 0.06171875 0.20234375
0 0.465625 0.9234375 0.1703125 0.15234375
0 0.934375 0.7109375 0.10859375 0.16640625
0 0.40390625 0.8 0.13515625 0.18046875
0 0.18046875 0.94140625 0.16171875 0.1171875
0 0.74921875 0.83125 0.1484375 0.209375
0 0.40625 0.67734375 0.121875 0.134375
0 0.909375 0.39921875 0.0796875 0.1171875
0 0.840625 0.54453125 0.09765625 0.13125
0 0.69609375 0.73046875 0.10859375 0.16328125
0 0.04296875 0.78046875 0.0859375 0.184375
0 0.440625 0.61171875 0.1109375 0.13828125
0 0.809375 0.46484375 0.08828125 0.12734375
0 0.2390625 0.72890625 0.128125 0.13828125
0 0.34609375 0.2609375 0.07265625 0.07421875
0 0.2046875 0.88828125 0.1484375 0.18828125
0 0.0109375 0.8703125 0.021875 0.1953125
0 0.44609375 0.525 0.10390625 0.09921875
0 0.61953125 0.4359375 0.084375 0.08515625
0 0.590625 0.384375 0.084375 0.103125
0 0.05859375 0.725 0.1171875 0.18046875
0 0.9765625 0.58515625 0.04609375 0.184375
0 0.2359375 0.83828125 0.13515625 0.20234375
0 0.55859375 0.66875 0.1484375 0.25859375
0 0.61875 0.9484375 0.07734375 0.103125
0 0.7375 0.75 0.12578125 0.1171875
0 0.1890625 0.38125 0.0859375 0.12421875
0 0.6828125 0.6703125 0.1125 0.1703125
0 0.9671875 0.18984375 0.065625 0.1953125
0 0.28671875 0.5515625 0.10390625 0.11015625
0 0.45703125 0.13671875 0.05546875 0.06015625
0 0.075 0.5921875 0.10625 0.11328125
0 0.31640625 0.33828125 0.0796875 0.07421875
0 0.9546875 0.45390625 0.090625 0.1421875
0 0.23359375 0.6578125 0.121875 0.103125
0 0.45546875 0.46484375 0.08828125 0.10625
0 0.25625 0.5921875 0.1109375 0.10625
0 0.15625 0.421875 0.08203125 0.10625
0 0.44765625 0.290625 0.07734375 0.08515625
0 0.64609375 0.5265625 0.09765625 0.07421875
0 0.08515625 0.49140625 0.10390625 0.103125
0 0.3109375 0.4625 0.0953125 0.09609375
0 0.63359375 0.47890625 0.090625 0.08515625
0 0.8609375 0.34609375 0.053125 0.09609375
0 0.9734375 0.36015625 0.053125 0.08125
0 0.45703125 0.365625 0.08203125 0.078125
0 0.8171875 0.2765625 0.0640625 0.0921875
0 0.02890625 0.4453125 0.0578125 0.1453125
0 0.8328125 0.30703125 0.059375 0.08828125
0 0.44765625 0.1828125 0.06875 0.06015625
0 0.29296875 0.1453125 0.0640625 0.078125
0 0.065625 0.66875 0.13046875 0.15234375
0 0.44765625 0.41328125 0.0859375 0.08125
0 0.753125 0.40390625 0.05546875 0.0921875
0 0.15234375 0.50546875 0.0484375 0.1171875
0 0.446875 0.22890625 0.075 0.0671875
0 0.3140625 0.3921875 0.09296875 0.07421875
0 0.5765625 0.32109375 0.059375 0.08125
0 0.559375 0.2734375 0.0578125 0.078125
0 0.9125 0.15078125 0.05546875 0.09609375
0 0.6671875 0.59765625 0.0859375 0.09609375