0 0.86796875 0.45390625 0.0796875 0.10234375
0 0.1421875 0.9578125 0.15 0.084375
0 0.6984375 0.90234375 0.1765625 0.1953125
0 0.309375 0.8203125 0.075 0.12109375
0 0.70859375 0.76171875 0.13671875 0.15234375
0 0.82578125 0.325 0.06171875 0.08359375
0 0.2734375 0.96796875 0.20703125 0.0640625
0 0.5734375 0.75703125 0.1203125 0.14296875
0 0.2953125 0.62890625 0.0765625 0.1140625
0 0.12421875 0.90625 0.1453125 0.1640625
0 0.7234375 0.37265625 0.0734375 0.09296875
0 0.9609375 0.4234375 0.078125 0.0953125
0 0.890625 0.3609375 0.06796875 0.07890625
0 0.39296875 0.62265625 0.153125 0.1265625
0 0.09921875 0.56875 0.1046875 0.08125
0 0.7328125 0.6765625 0.10859375 0.12890625
0 0.14609375 0.66640625 0.121875 0.1234375
0 0.3625 0.53671875 0.08828125 0.0734375
0 0.62578125 0.64765625 0.11171875 0.1140625
0 0.2078125 0.76171875 0.11796875 0.12890625
0 0.79296875 0.27890625 0.05703125 0.07109375
0 0.46015625 0.65 0.11015625 0.090625
0 0.6625 0.234375 0.0515625 0.06875
0 0.20390625 0.58671875 0.0953125 0.07890625
0 0.8765625 0.28125 0.053125 0.06171875
0 0.7765625 0.25625 0.053125 0.06875
0 0.61953125 0.409375 0.05859375 0.07109375
0 0.8328125 0.23359375 0.0546875 0.06171875
0 0.7015625 0.4453125 0.0734375 0.08125
0 0.6234375 0.565625 0.0734375 0.0546875
0 0.5421875 0.684375 0.1015625 0.11171875
0 0.69453125 0.34140625 0.0515625 0.0734375
0 0.7734375 0.159375 0.046875 0.08984375
0 0.79140625 0.034375 0.05703125 0.06875
0 0.32265625 0.359375 0.0609375 0.0703125
0 0.3578125 0.46953125 0.07109375 0.0609375
0 0.1609375 0.47109375 0.0953125 0.1109375
0 0.5859375 0.35390625 0.0453125 0.0578125
0 0.41953125 0.796875 0.1546875 0.1921875
0 0.678125 0.1671875 0.034375 0.03203125