0 0.1546875 0.4734375 0.075 0.09609375
0 0.8359375 0.95234375 0.140625 0.09140625
0 0.3140625 0.9 0.165625 0.19609375
0 0.67890625 0.81640625 0.0703125 0.11328125
0 0.3046875 0.76171875 0.128125 0.1421875
0 0.19453125 0.353125 0.0578125 0.078125
0 0.7125 0.9609375 0.19375 0.0734375
0 0.43125 0.75703125 0.1125 0.13359375
0 0.6921875 0.63671875 0.071875 0.10703125
0 0.85234375 0.89609375 0.1359375 0.15390625
0 0.290625 0.39765625 0.06875 0.08671875
0 0.06640625 0.4453125 0.0765625 0.0890625
0 0.13359375 0.38671875 0.0640625 0.0734375
0 0.6 0.63125 0.14375 0.11796875
0 0.87578125 0.58125 0.0984375 0.07578125
0 0.28203125 0.68125 0.1015625 0.1203125
0 0.83203125 0.67265625 0.1140625 0.115625
0 0.62890625 0.5515625 0.0828125 0.06875
0 0.38203125 0.6546875 0.1046875 0.10703125
0 0.77421875 0.76171875 0.1109375 0.1203125
0 0.225 0.309375 0.053125 0.0671875
0 0.5375 0.65703125 0.103125 0.084375
0 0.34765625 0.26875 0.0484375 0.06484375
0 0.77734375 0.59765625 0.0890625 0.0734375
0 0.146875 0.31171875 0.05 0.0578125
0 0.240625 0.28828125 0.05 0.06484375
0 0.38828125 0.43203125 0.0546875 0.0671875
0 0.18828125 0.2671875 0.0515625 0.0578125
0 0.3109375 0.465625 0.06875 0.07578125
0 0.384375 0.578125 0.06875 0.0515625
0 0.46015625 0.6890625 0.0953125 0.1046875
0 0.31796875 0.36875 0.0484375 0.06875
0 0.24375 0.1984375 0.04375 0.08359375
0 0.22734375 0.0734375 0.05390625 0.08125
0 0.66640625 0.38515625 0.05703125 0.065625
0 0.6328125 0.48828125 0.0671875 0.05703125
0 0.8171875 0.48984375 0.0890625 0.103125
0 0.41953125 0.3796875 0.0421875 0.05390625
0 0.57578125 0.79453125 0.1453125 0.1796875
0 0.33359375 0.20546875 0.0328125 0.0296875