0 0.1515625 0.62265625 0.14296875 0.17890625
0 0.0625 0.5 0.125 0.109375
0 0.303125 0.66171875 0.1296875 0.17578125
0 0.56796875 0.68125 0.146875 0.2109375
0 0.3796875 0.3640625 0.08671875 0.0828125
0 0.3875 0.42421875 0.075 0.090625
0 0.31328125 0.49453125 0.1 0.14140625
0 0.93046875 0.44375 0.13515625 0.1203125
0 0.465625 0.3109375 0.08515625 0.0828125
0 0.34921875 0.2828125 0.071875 0.0640625
0 0.41640625 0.465625 0.0796875 0.07734375
0 0.19453125 0.5015625 0.11796875 0.16015625
0 0.03359375 0.15625 0.046875 0.0453125
0 0.2796875 0.2171875 0.053125 0.06171875
0 0.075 0.371875 0.08671875 0.109375
0 0.2734375 0.3453125 0.0765625 0.07734375
0 0.02109375 0.22109375 0.04140625 0.0640625
0 0.17578125 0.3359375 0.071875 0.075
0 0.353125 0.31875 0.06328125 0.06640625
0 0.07578125 0.2890625 0.071875 0.07734375
0 0.2515625 0.24921875 0.06328125 0.06640625
0 0.26328125 0.2828125 0.06015625 0.053125
0 0.484375 0.37578125 0.05859375 0.10703125
0 0.13828125 0.4265625 0.13359375 0.1171875
0 0.23984375 0.19765625 0.03984375 0.04296875
0 0.10234375 0.2 0.04140625 0.0375
0 0.31953125 0.253125 0.06796875 0.0640625
0 0.09453125 0.16953125 0.0515625 0.05078125
0 0.184375 0.2359375 0.0484375 0.06640625
0 0.046875 0.27734375 0.05703125 0.08515625
0 0.01171875 0.2984375 0.0234375 0.0796875
0 0.175 0.28828125 0.0734375 0.06953125
0 0.6234375 0.440625 0.209375 0.33828125
0 0.4375 0.21015625 0.1484375 0.159375
0 0.34453125 0.153125 0.084375 0.1046875
0 0.915625 0.61796875 0.16875 0.2296875
0 0.39921875 0.053125 0.0578125 0.0625
0 0.346875 0.0390625 0.046875 0.06484375