0 0.7703125 0.94140625 0.209375 0.1171875
0 0.921875 0.93671875 0.15625 0.1265625
0 0.3265625 0.8078125 0.159375 0.15078125
0 0.0640625 0.45078125 0.128125 0.10859375
0 0.78984375 0.8078125 0.20390625 0.18046875
0 0.56484375 0.53203125 0.1921875 0.10390625
0 0.63046875 0.8140625 0.1890625 0.1828125
0 0.26953125 0.93828125 0.1875 0.1234375
0 0.4578125 0.44921875 0.16640625 0.09140625
0 0.034375 0.59296875 0.06875 0.12109375
0 0.1734375 0.5578125 0.0875 0.13125
0 0.9546875 0.80078125 0.090625 0.14609375
0 0.39140625 0.50390625 0.125 0.10625
0 0.9625 0.703125 0.075 0.08125
0 0.45625 0.2390625 0.03125 0.046875
0 0.24921875 0.4828125 0.090625 0.10390625
0 0.3484375 0.203125 0.05234375 0.04921875
0 0.47265625 0.3109375 0.0671875 0.05703125
0 0.40390625 0.23984375 0.0609375 0.04453125
0 0.271875 0.22734375 0.07109375 0.0546875
0 0.41796875 0.21640625 0.04609375 0.046875
0 0.37421875 0.1890625 0.0578125 0.05703125
0 0.24140625 0.13359375 0.04921875 0.04453125
0 0.41328125 0.16953125 0.05390625 0.046875
0 0.58984375 0.38359375 0.11328125 0.1484375
0 0.215625 0.22265625 0.05625 0.059375
0 0.03125 0.284375 0.0625 0.0640625
0 0.2875 0.54921875 0.11171875 0.1828125
0 0.39375 0.1421875 0.0578125 0.0375
0 0.32734375 0.16484375 0.04921875 0.0375
0 0.20703125 0.096875 0.059375 0.04921875
0 0.23515625 0.18203125 0.05625 0.0421875
0 0.04375 0.1296875 0.0609375 0.05703125
0 0.96796875 0.546875 0.0640625 0.0890625
0 0.16015625 0.759375 0.121875 0.22578125
0 0.82421875 0.39765625 0.3515625 0.1265625
0 0.5671875 0.53203125 0.15390625 0.0828125
0 0.5140625 0.2453125 0.09453125 0.08046875
0 0.140625 0.353125 0.0921875 0.06640625