0 0.85859375 0.60234375 0.11640625 0.15703125
0 0.24296875 0.390625 0.10078125 0.08515625
0 0.28515625 0.346875 0.075 0.0609375
0 0.053125 0.7859375 0.10546875 0.21015625
0 0.69609375 0.696875 0.1296875 0.1703125
0 0.1375 0.36953125 0.06640625 0.06953125
0 0.5546875 0.73671875 0.12265625 0.1859375
0 0.26484375 0.62265625 0.1125 0.14375
0 0.56640625 0.88671875 0.15 0.22578125
0 0.2078125 0.3328125 0.0515625 0.0640625
0 0.49453125 0.60625 0.0921875 0.14375
0 0.5328125 0.5421875 0.078125 0.12734375
0 0.63359375 0.55859375 0.09765625 0.16484375
0 0.36484375 0.990625 0.1296875 0.01875
0 0.32109375 0.78984375 0.1703125 0.21796875
0 0.29921875 0.47734375 0.08046875 0.109375
0 0.06328125 0.94140625 0.1265625 0.1171875
0 0.6484375 0.41640625 0.06484375 0.09296875
0 0.35 0.4171875 0.075 0.06953125
0 0.203125 0.5703125 0.09921875 0.0875
0 0.4640625 0.51328125 0.0546875 0.1171875
0 0.61953125 0.50234375 0.071875 0.1171875
0 0.48359375 0.35078125 0.04296875 0.0640625
0 0.57421875 0.43515625 0.06328125 0.0984375
0 0.54453125 0.48125 0.08203125 0.12265625
0 0.146875 0.6515625 0.1296875 0.17578125
0 0.446875 0.38203125 0.075 0.0984375
0 0.521875 0.3765625 0.075 0.09296875
0 0.15 0.93828125 0.3 0.1234375
0 0.59453125 0.38671875 0.059375 0.0828125
0 0.3953125 0.36796875 0.059375 0.0609375
0 0.48515625 0.4546875 0.0703125 0.09609375
0 0.55859375 0.32734375 0.04921875 0.07421875
0 0.459375 0.29140625 0.04453125 0.0609375
0 0.409375 0.428125 0.06796875 0.06953125
0 0.6671875 0.36015625 0.0515625 0.0609375
0 0.6375 0.2875 0.04296875 0.06953125
0 0.53125 0.27109375 0.02890625 0.04765625
0 0.49453125 0.3046875 0.04765625 0.0453125
0 0.67421875 0.32734375 0.04453125 0.04765625
0 0.61796875 0.31484375 0.0515625 0.0609375
0 0.51328125 0.25390625 0.02421875 0.034375
0 0.6859375 0.28203125 0.0375 0.0421875
0 0.38125 0.4578125 0.08671875 0.04765625
0 0.496875 0.26328125 0.0375 0.0421875
0 0.6171875 0.24609375 0.0390625 0.03984375
0 0.31875 0.52890625 0.0578125 0.09609375
0 0.4265625 0.328125 0.0515625 0.03984375
0 0.209375 0.76875 0.165625 0.19140625
0 0.6078125 0.35234375 0.06171875 0.0828125