0 0.84375 0.59375 0.115625 0.15625
0 0.2328125 0.38359375 0.1 0.084375
0 0.27421875 0.33984375 0.07421875 0.0609375
0 0.0484375 0.7765625 0.096875 0.209375
0 0.6828125 0.6875 0.12890625 0.16953125
0 0.128125 0.3625 0.06640625 0.06875
0 0.5421875 0.72734375 0.121875 0.18515625
0 0.25390625 0.6140625 0.11171875 0.14296875
0 0.55390625 0.88203125 0.14921875 0.23515625
0 0.1984375 0.32578125 0.05078125 0.06328125
0 0.4828125 0.59765625 0.09140625 0.14296875
0 0.5203125 0.534375 0.078125 0.12734375
0 0.62109375 0.55 0.096875 0.1640625
0 0.35390625 0.98515625 0.12890625 0.02890625
0 0.31015625 0.78046875 0.16953125 0.2171875
0 0.2890625 0.46953125 0.0796875 0.10859375
0 0.05859375 0.9359375 0.1171875 0.128125
0 0.6359375 0.40859375 0.0640625 0.09296875
0 0.3390625 0.41015625 0.07421875 0.06875
0 0.19296875 0.5625 0.0984375 0.0875
0 0.45234375 0.50546875 0.05390625 0.11640625
0 0.60703125 0.49453125 0.07109375 0.11640625
0 0.471875 0.34375 0.0421875 0.06328125
0 0.56171875 0.42734375 0.0625 0.09765625
0 0.53203125 0.4734375 0.08125 0.121875
0 0.1375 0.64296875 0.12890625 0.17421875
0 0.4359375 0.37421875 0.07421875 0.09765625
0 0.51015625 0.36875 0.07421875 0.09296875
0 0.1453125 0.9328125 0.290625 0.13125
0 0.58203125 0.3796875 0.059375 0.08203125
0 0.38359375 0.3609375 0.059375 0.0609375
0 0.4734375 0.446875 0.06953125 0.0953125
0 0.546875 0.3203125 0.04921875 0.07421875
0 0.44765625 0.284375 0.04375 0.0609375
0 0.3984375 0.4203125 0.06796875 0.06875
0 0.65390625 0.353125 0.05078125 0.0609375
0 0.62421875 0.28046875 0.0421875 0.06875
0 0.51953125 0.26484375 0.02890625 0.04765625
0 0.4828125 0.29765625 0.04765625 0.0453125
0 0.6609375 0.3203125 0.04375 0.04765625
0 0.60546875 0.3078125 0.05078125 0.0609375
0 0.5015625 0.24765625 0.0234375 0.034375
0 0.67265625 0.275 0.0375 0.0421875
0 0.3703125 0.45 0.08671875 0.04765625
0 0.484375 0.25625 0.0375 0.0421875
0 0.60390625 0.2390625 0.0390625 0.03984375
0 0.30859375 0.52109375 0.0578125 0.0953125
0 0.415625 0.32109375 0.05078125 0.03984375
0 0.19921875 0.759375 0.1640625 0.190625
0 0.59453125 0.3453125 0.0609375 0.08203125