0 0.140625 0.58515625 0.16640625 0.20703125
0 0.0546875 0.44296875 0.109375 0.1265625
0 0.31640625 0.6296875 0.15078125 0.20390625
0 0.6234375 0.653125 0.16953125 0.24375
0 0.40546875 0.28515625 0.1 0.0953125
0 0.4140625 0.3546875 0.08671875 0.1046875
0 0.328125 0.43671875 0.115625 0.16328125
0 0.9828125 0.378125 0.034375 0.1390625
0 0.5046875 0.2234375 0.0984375 0.0953125
0 0.36953125 0.19140625 0.0828125 0.07421875
0 0.44765625 0.403125 0.09296875 0.08984375
0 0.18984375 0.44453125 0.13671875 0.18515625
0 0.015625 0.04453125 0.03125 0.05234375
0 0.28984375 0.115625 0.06171875 0.07109375
0 0.05234375 0.29453125 0.1 0.1265625
0 0.28203125 0.2640625 0.0890625 0.08984375
0 0.00703125 0.1203125 0.01328125 0.07421875
0 0.16875 0.253125 0.0828125 0.08671875
0 0.37421875 0.2328125 0.0734375 0.07734375
0 0.053125 0.19921875 0.0828125 0.08984375
0 0.25703125 0.153125 0.0734375 0.07734375
0 0.2703125 0.19140625 0.06953125 0.06171875
0 0.52578125 0.29921875 0.0671875 0.1234375
0 0.12578125 0.3578125 0.1546875 0.1359375
0 0.24296875 0.09296875 0.04609375 0.04921875
0 0.08359375 0.0953125 0.0484375 0.04296875
0 0.33515625 0.15703125 0.07890625 0.07421875
0 0.07421875 0.06015625 0.06015625 0.05859375
0 0.17890625 0.1375 0.05625 0.07734375
0 0.02578125 0.18515625 0.0515625 0.0984375
0 0.16796875 0.19765625 0.08515625 0.08046875
0 0.6875 0.37421875 0.2421875 0.39140625
0 0.471875 0.10703125 0.171875 0.184375
0 0.3640625 0.05078125 0.0984375 0.1015625
0 0.96328125 0.57734375 0.0734375 0.265625