0 0.86640625 0.84609375 0.24453125 0.28515625
0 0.61875 0.7 0.19140625 0.15390625
0 0.47578125 0.81953125 0.47734375 0.36015625
0 0.9046875 0.74609375 0.190625 0.2140625
0 0.97265625 0.59921875 0.0546875 0.16484375
0 0.68515625 0.86875 0.20078125 0.234375
0 0.83046875 0.5765625 0.1375 0.13359375
0 0.92109375 0.45625 0.15703125 0.1125
0 0.66640625 0.39921875 0.109375 0.109375
0 0.525 0.46875 0.13203125 0.12265625
0 0.4640625 0.396875 0.10546875 0.08046875
0 0.33515625 0.415625 0.0984375 0.07265625
0 0.28984375 0.37109375 0.11015625 0.09453125
0 0.2859375 0.31171875 0.09453125 0.075
0 0.5328125 0.321875 0.08671875 0.0890625
0 0.42265625 0.31328125 0.07890625 0.05390625
0 0.596875 0.15859375 0.07734375 0.07578125
0 0.846875 0.31015625 0.0640625 0.0671875
0 0.6359375 0.28671875 0.07890625 0.06171875
0 0.49453125 0.25390625 0.08984375 0.06484375
0 0.35703125 0.221875 0.0765625 0.071875
0 0.2828125 0.12890625 0.06640625 0.0578125
0 0.359375 0.0625 0.059375 0.06015625
0 0.765625 0.50390625 0.12109375 0.0859375
0 0.80234375 0.4015625 0.1046875 0.1
0 0.365625 0.58671875 0.1171875 0.10234375
0 0.625 0.5671875 0.13046875 0.078125