0 0.09921875 0.84609375 0.1984375 0.23828125
0 0.56171875 0.3828125 0.06953125 0.0859375
0 0.78046875 0.20625 0.0390625 0.05078125
0 0.5703125 0.16640625 0.0375 0.03515625
0 0.40859375 0.25390625 0.0640625 0.04375
0 0.8578125 0.115625 0.01953125 0.02890625
0 0.8453125 0.05234375 0.0125 0.021875
0 0.79609375 0.13828125 0.0359375 0.05390625
0 0.85 0.0984375 0.02890625 0.03828125
0 0.8734375 0.05703125 0.02890625 0.03828125
0 0.6109375 0.12578125 0.0359375 0.04765625
0 0.60546875 0.13203125 0.02109375 0.03515625
0 0.51640625 0.50859375 0.1375 0.190625