0 0.23515625 0.93984375 0.19375 0.115625
0 0.08359375 0.93515625 0.16640625 0.125
0 0.64296875 0.8125 0.146875 0.13828125
0 0.90546875 0.484375 0.159375 0.1
0 0.21640625 0.8125 0.1875 0.165625
0 0.4234375 0.559375 0.17734375 0.0953125
0 0.3625 0.81796875 0.17421875 0.16796875
0 0.6953125 0.93671875 0.17265625 0.12265625
0 0.521875 0.4828125 0.153125 0.084375
0 0.9390625 0.61484375 0.11796875 0.11171875
0 0.784375 0.5828125 0.08046875 0.1203125
0 0.053125 0.80546875 0.10625 0.134375
0 0.58359375 0.5328125 0.11484375 0.09765625
0 0.04609375 0.7171875 0.0921875 0.075
0 0.5234375 0.28984375 0.02890625 0.04296875
0 0.7140625 0.51328125 0.08359375 0.0953125
0 0.62265625 0.25703125 0.0484375 0.0453125
0 0.50859375 0.35546875 0.0625 0.05234375
0 0.571875 0.290625 0.05625 0.040625
0 0.69296875 0.2796875 0.06484375 0.05
0 0.559375 0.26953125 0.0421875 0.04296875
0 0.59921875 0.24453125 0.053125 0.05234375
0 0.72109375 0.19296875 0.0453125 0.040625
0 0.5625 0.22578125 0.05 0.04296875
0 0.40078125 0.42265625 0.1046875 0.13671875
0 0.7453125 0.275 0.0515625 0.0546875
0 0.93125 0.33203125 0.0890625 0.059375
0 0.67890625 0.575 0.103125 0.16796875
0 0.58125 0.20078125 0.053125 0.034375
0 0.6421875 0.221875 0.0453125 0.034375
0 0.753125 0.159375 0.0546875 0.0453125
0 0.72734375 0.2375 0.0515625 0.03828125
0 0.90390625 0.18984375 0.05625 0.05234375
0 0.040625 0.571875 0.08125 0.08125
0 0.79609375 0.7671875 0.1125 0.2078125
0 0.17734375 0.43671875 0.340625 0.115625
0 0.42109375 0.55859375 0.1421875 0.07578125
0 0.47109375 0.2953125 0.08671875 0.0734375
0 0.8140625 0.39453125 0.08515625 0.0609375