0 0.05859375 0.65234375 0.1171875 0.18515625
0 0.2390625 0.78671875 0.22734375 0.265625
0 0.2984375 0.95390625 0.1875 0.0921875
0 0.4703125 0.65 0.17890625 0.14296875
0 0.603125 0.796875 0.44453125 0.40625
0 0.1890625 0.69375 0.20390625 0.20078125
0 0.08828125 0.55625 0.15546875 0.15390625
0 0.40859375 0.80703125 0.1875 0.21875
0 0.27265625 0.53515625 0.128125 0.125
0 0.18828125 0.42265625 0.14609375 0.1046875
0 0.42578125 0.36953125 0.1015625 0.1015625
0 0.55703125 0.434375 0.1234375 0.1140625
0 0.6140625 0.3671875 0.0984375 0.075
0 0.734375 0.38515625 0.09140625 0.0671875
0 0.7765625 0.34296875 0.10234375 0.08828125
0 0.78046875 0.28828125 0.0875 0.06953125
0 0.55 0.296875 0.08046875 0.0828125
0 0.653125 0.2890625 0.0734375 0.05
0 0.490625 0.1453125 0.071875 0.0703125
0 0.25703125 0.28671875 0.059375 0.0625
0 0.4546875 0.26484375 0.0734375 0.0578125
0 0.5859375 0.23359375 0.08359375 0.0609375
0 0.7140625 0.2046875 0.071875 0.0671875
0 0.7828125 0.1171875 0.06171875 0.05390625
0 0.71171875 0.05546875 0.05546875 0.05625
0 0.33359375 0.4671875 0.11328125 0.0796875
0 0.29921875 0.371875 0.09765625 0.09375
0 0.70625 0.54453125 0.109375 0.0953125
0 0.078125 0.4125 0.103125 0.1015625
0 0.4640625 0.5265625 0.12109375 0.07265625