0 0.87890625 0.8953125 0.190625 0.20546875
0 0.5046875 0.9390625 0.1640625 0.1171875
0 0.6546875 0.825 0.14296875 0.19609375
0 0.85078125 0.4765625 0.078125 0.09453125
0 0.29375 0.91171875 0.18203125 0.171875
0 0.796875 0.375 0.05703125 0.08125
0 0.9 0.5171875 0.0796875 0.1265625
0 0.2671875 0.57421875 0.0796875 0.0703125
0 0.95234375 0.609375 0.09140625 0.1578125
0 0.44375 0.525 0.06640625 0.0703125
0 0.81640625 0.43359375 0.075 0.10390625
0 0.61171875 0.609375 0.10234375 0.0859375
0 0.42734375 0.59609375 0.0875 0.09453125
0 0.77890625 0.66796875 0.09609375 0.121875
0 0.759375 0.59921875 0.10546875 0.11953125
0 0.8234375 0.71796875 0.13359375 0.13515625
0 0.75234375 0.52578125 0.1125 0.1171875
0 0.7875 0.20234375 0.046875 0.05625
0 0.8296875 0.77734375 0.13359375 0.12421875
0 0.47734375 0.64921875 0.0859375 0.1015625
0 0.36875 0.81484375 0.10234375 0.17578125
0 0.4234375 0.45625 0.0765625 0.06796875
0 0.71953125 0.475 0.0859375 0.1015625
0 0.55546875 0.84296875 0.14609375 0.096875
0 0.78125 0.24140625 0.05 0.071875
0 0.24921875 0.715625 0.05859375 0.09453125
0 0.61171875 0.72109375 0.08984375 0.12890625
0 0.8359375 0.865625 0.13515625 0.1828125
0 0.90390625 0.2765625 0.0390625 0.025
0 0.33828125 0.44609375 0.06328125 0.0515625
0 0.7109375 0.3609375 0.06015625 0.06796875
0 0.50234375 0.49296875 0.06640625 0.0515625
0 0.38984375 0.71796875 0.13359375 0.13984375
0 0.69375 0.1875 0.0375 0.0359375
0 0.44375 0.32734375 0.05078125 0.0453125
0 0.32109375 0.5046875 0.06796875 0.0703125
0 0.5734375 0.2671875 0.06796875 0.05625
0 0.57421875 0.92421875 0.13515625 0.146875
0 0.41484375 0.25625 0.0390625 0.0515625
0 0.71953125 0.27734375 0.05859375 0.071875
0 0.31015625 0.8296875 0.14921875 0.16953125
0 0.70546875 0.20625 0.0453125 0.03828125
0 0.96640625 0.27421875 0.04375 0.0296875
0 0.5421875 0.34765625 0.046875 0.03125
0 0.915625 0.37265625 0.0296875 0.06328125
0 0.7125 0.24609375 0.0484375 0.05
0 0.50546875 0.55 0.06953125 0.08359375
0 0.7609375 0.1171875 0.02109375 0.03125
0 0.52421875 0.25078125 0.02890625 0.03125
0 0.34453125 0.3 0.05390625 0.02265625
0 0.51328125 0.4546875 0.06171875 0.0703125
0 0.503125 0.346875 0.040625 0.04296875
0 0.55078125 0.31640625 0.040625 0.0359375
0 0.38203125 0.2890625 0.0453125 0.0359375
0 0.51796875 0.28671875 0.05 0.0453125
0 0.39765625 0.50546875 0.06484375 0.05390625
0 0.7046875 0.421875 0.0796875 0.090625
0 0.74453125 0.08828125 0.02421875 0.02265625
0 0.740625 0.1125 0.02578125 0.03125
0 0.95546875 0.31640625 0.046875 0.06328125
0 0.6875 0.10078125 0.0453125 0.05625
0 0.48828125 0.25078125 0.04375 0.0453125
0 0.44765625 0.2515625 0.034375 0.04765625
0 0.7109375 0.21875 0.0421875 0.02734375
0 0.51953125 0.4234375 0.0703125 0.065625
0 0.78359375 0.3046875 0.06953125 0.0859375
0 0.25 0.52578125 0.0453125 0.05
0 0.43828125 0.4359375 0.0765625 0.06796875
0 0.9296875 0.37265625 0.05859375 0.06796875
0 0.16171875 0.98671875 0.14296875 0.02265625
0 0.43359375 0.7 0.0703125 0.1125
0 0.99140625 0.375 0.01328125 0.0859375
0 0.11171875 0.7484375 0.2140625 0.35625