0 0.353125 0.934375 0.171875 0.13125
0 0.1625 0.9546875 0.14921875 0.090625
0 0.36015625 0.82109375 0.15703125 0.2234375
0 0.5046875 0.7890625 0.13125 0.15
0 0.8109375 0.80859375 0.14140625 0.13125
0 0.88125 0.9328125 0.2375 0.134375
0 0.7046875 0.7546875 0.1046875 0.11875
0 0.5890625 0.98203125 0.30625 0.0359375
0 0.821875 0.584375 0.1 0.11640625
0 0.50234375 0.58359375 0.09140625 0.1140625
0 0.7578125 0.659375 0.11171875 0.16640625
0 0.84765625 0.7640625 0.11015625 0.1765625
0 0.6109375 0.61328125 0.07890625 0.09296875
0 0.98125 0.69765625 0.0375 0.13359375
0 0.39453125 0.6140625 0.1 0.109375
0 0.865625 0.66875 0.11015625 0.13828125
0 0.56328125 0.9140625 0.165625 0.1140625
0 0.71875 0.5984375 0.09375 0.10703125
0 0.4703125 0.4515625 0.059375 0.0734375
0 0.55859375 0.0296875 0.01640625 0.02109375
0 0.6578125 0.36875 0.05234375 0.06171875
0 0.646875 0.4984375 0.0609375 0.0640625
0 0.7734375 0.53671875 0.0625 0.07890625
0 0.40703125 0.54296875 0.08515625 0.12890625
0 0.49765625 0.515625 0.07578125 0.0640625
0 0.571875 0.45234375 0.065625 0.06640625
0 0.665625 0.234375 0.0328125 0.040625
0 0.59140625 0.4796875 0.05859375 0.0640625
0 0.5671875 0.3609375 0.059375 0.0546875
0 0.51328125 0.16328125 0.0328125 0.02109375
0 0.603125 0.3859375 0.04453125 0.03828125
0 0.5 0.39375 0.05078125 0.05
0 0.640625 0.4359375 0.065625 0.06640625
0 0.28359375 0.5078125 0.0875 0.16171875
0 0.7375 0.37578125 0.05625 0.096875
0 0.55390625 0.1484375 0.02265625 0.0453125