0 0.0546875 0.86875 0.109375 0.1875
0 0.19609375 0.875 0.1921875 0.24609375
0 0.10234375 0.69921875 0.1515625 0.21328125
0 0.51875 0.25390625 0.09375 0.06796875
0 0.28515625 0.765625 0.1734375 0.2625
0 0.94765625 0.959375 0.1015625 0.07734375
0 0.896875 0.8421875 0.11875 0.15703125
0 0.3703125 0.61953125 0.11875 0.15703125
0 0.05546875 0.45 0.0953125 0.09375
0 0.06796875 0.37109375 0.0796875 0.09140625
0 0.45625 0.365625 0.075 0.1125
0 0.20703125 0.63359375 0.1265625 0.18515625
0 0.32265625 0.67890625 0.1234375 0.1640625
0 0.79921875 0.5796875 0.0859375 0.10078125
0 0.43515625 0.43359375 0.0953125 0.140625
0 0.42109375 0.4921875 0.0859375 0.13125
0 0.446875 0.309375 0.071875 0.0984375
0 0.3265625 0.4203125 0.078125 0.10546875
0 0.334375 0.3171875 0.0875 0.07265625
0 0.71328125 0.64765625 0.0703125 0.08671875
0 0.17109375 0.45 0.0890625 0.121875
0 0.18046875 0.3875 0.0765625 0.08203125
0 0.14453125 0.37578125 0.0640625 0.10546875
0 0.23984375 0.31015625 0.0671875 0.06796875
0 0.69765625 0.6859375 0.0671875 0.0890625
0 0.859375 0.7328125 0.0875 0.084375
0 0.28046875 0.44765625 0.0984375 0.0796875
0 0.3015625 0.49453125 0.096875 0.09375
0 0.3234375 0.359375 0.071875 0.06796875
0 0.01015625 0.65546875 0.0203125 0.1546875
0 0.38671875 0.55625 0.0953125 0.12890625
0 0.08125 0.97890625 0.1625 0.0375
0 0.1015625 0.55859375 0.140625 0.20859375
0 0.25625 0.546875 0.1125 0.13359375
0 0.0140625 0.4109375 0.028125 0.08671875