0 0.2640625 0.96171875 0.171875 0.0703125
0 0.0828125 0.8421875 0.121875 0.18203125
0 0.57109375 0.9234375 0.15390625 0.146875
0 0.146875 0.7265625 0.09765625 0.15
0 0.62734375 0.80703125 0.121875 0.16328125
0 0.82890625 0.9390625 0.14609375 0.11484375
0 0.31484375 0.83515625 0.134375 0.18828125
0 0.625 0.696875 0.11015625 0.12109375
0 0.1703125 0.4453125 0.071875 0.10546875
0 0.23203125 0.5765625 0.08828125 0.11796875
0 0.36328125 0.74453125 0.09765625 0.146875
0 0.95625 0.7890625 0.084375 0.16640625
0 0.59375 0.6375 0.1 0.12421875
0 0.26015625 0.5046875 0.0796875 0.11484375
0 0.77578125 0.74296875 0.115625 0.12421875
0 0.67890625 0.32109375 0.065625 0.0671875
0 0.80703125 0.88671875 0.134375 0.16953125
0 0.98515625 0.8703125 0.02578125 0.17578125
0 0.5890625 0.559375 0.09375 0.08984375
0 0.43203125 0.47890625 0.07578125 0.0765625
0 0.4578125 0.4328125 0.07578125 0.09296875
0 0.9421875 0.73984375 0.11171875 0.16328125
0 0.07265625 0.61328125 0.1140625 0.16640625
0 0.77890625 0.8421875 0.121875 0.18203125
0 0.48671875 0.68828125 0.134375 0.23359375
0 0.0203125 0.7078125 0.03984375 0.16328125
0 0.4328125 0.9453125 0.0703125 0.10234375
0 0.325 0.76171875 0.1140625 0.10546875
0 0.82109375 0.4296875 0.078125 0.11171875
0 0.375 0.68984375 0.10234375 0.153125
0 0.1 0.25703125 0.09609375 0.17578125
0 0.7328125 0.5828125 0.09375 0.09921875
0 0.57890625 0.209375 0.05 0.0546875
0 0.92421875 0.61953125 0.09609375 0.10234375
0 0.0609375 0.45546875 0.07421875 0.09296875
0 0.70625 0.39140625 0.071875 0.0671875
0 0.12734375 0.4953125 0.0859375 0.128125
0 0.78125 0.67890625 0.11015625 0.09296875
0 0.5796875 0.5046875 0.0796875 0.09609375
0 0.76015625 0.61953125 0.1 0.09609375
0 0.85078125 0.46640625 0.07421875 0.09609375
0 0.58671875 0.3484375 0.0703125 0.0765625
0 0.4078125 0.5609375 0.08828125 0.0671875
0 0.91484375 0.52890625 0.09375 0.09296875
0 0.7109375 0.503125 0.0859375 0.0859375
0 0.41875 0.5171875 0.08203125 0.0765625
0 0.2140625 0.39765625 0.04765625 0.0859375
0 0.10703125 0.41015625 0.0578125 0.0734375
0 0.57890625 0.415625 0.07421875 0.0703125
0 0.253125 0.33515625 0.0578125 0.0828125
0 0.96875 0.4875 0.0578125 0.13125
0 0.2390625 0.3625 0.05390625 0.0796875
0 0.58671875 0.25078125 0.06171875 0.0546875
0 0.72734375 0.2171875 0.0578125 0.0703125
0 0.9359375 0.68828125 0.12421875 0.1375
0 0.58671875 0.45859375 0.078125 0.0734375
0 0.3109375 0.45078125 0.05 0.0828125
0 0.85390625 0.54140625 0.04375 0.10546875
0 0.58828125 0.2921875 0.06796875 0.0609375
0 0.7078125 0.4390625 0.084375 0.0671875
0 0.47109375 0.37578125 0.05390625 0.0734375
0 0.4859375 0.33203125 0.05234375 0.0703125
0 0.1671875 0.221875 0.05 0.0859375
0 0.3890625 0.62421875 0.078125 0.0859375