0 0.88984375 0.90234375 0.1984375 0.19453125
0 0.50078125 0.9484375 0.1703125 0.103125
0 0.65703125 0.8390625 0.1484375 0.20390625
0 0.8609375 0.4765625 0.08125 0.0984375
0 0.28203125 0.9203125 0.1890625 0.159375
0 0.8046875 0.37109375 0.059375 0.084375
0 0.91171875 0.51875 0.0828125 0.13125
0 0.25390625 0.57890625 0.0828125 0.07265625
0 0.959375 0.61484375 0.08125 0.1640625
0 0.4375 0.52734375 0.06875 0.07265625
0 0.825 0.43203125 0.078125 0.1078125
0 0.6125 0.61484375 0.10625 0.0890625
0 0.4203125 0.60078125 0.090625 0.0984375
0 0.7859375 0.67578125 0.1 0.1265625
0 0.765625 0.6046875 0.109375 0.12421875
0 0.83203125 0.72734375 0.1390625 0.140625
0 0.75859375 0.528125 0.1171875 0.121875
0 0.79453125 0.19140625 0.0484375 0.05859375
0 0.83828125 0.78984375 0.1390625 0.12890625
0 0.47265625 0.65625 0.0890625 0.10546875
0 0.359375 0.82890625 0.10625 0.1828125
0 0.41640625 0.45546875 0.0796875 0.0703125
0 0.72421875 0.475 0.0890625 0.10546875
0 0.55390625 0.8578125 0.1515625 0.10078125
0 0.78828125 0.23203125 0.0515625 0.075
0 0.23515625 0.725 0.0609375 0.0984375
0 0.6125 0.73125 0.09375 0.13359375
0 0.8453125 0.88125 0.140625 0.18984375
0 0.915625 0.26875 0.040625 0.02578125
0 0.328125 0.44453125 0.065625 0.05390625
0 0.715625 0.35703125 0.0625 0.0703125
0 0.4984375 0.49375 0.06875 0.05390625
0 0.38203125 0.72734375 0.1390625 0.1453125
0 0.69765625 0.17578125 0.0390625 0.0375
0 0.4375 0.321875 0.053125 0.046875
0 0.31015625 0.50625 0.0703125 0.07265625
0 0.57265625 0.259375 0.0703125 0.05859375
0 0.5734375 0.9328125 0.140625 0.13359375
0 0.4078125 0.24765625 0.040625 0.05390625
0 0.72421875 0.2703125 0.0609375 0.075
0 0.29921875 0.84375 0.1546875 0.17578125
0 0.709375 0.19609375 0.046875 0.03984375
0 0.97890625 0.26640625 0.0421875 0.03046875
0 0.53984375 0.34296875 0.0484375 0.0328125
0 0.928125 0.36875 0.03125 0.065625
0 0.7171875 0.23671875 0.05 0.0515625
0 0.5015625 0.553125 0.071875 0.08671875
0 0.7671875 0.103125 0.021875 0.0328125
0 0.52109375 0.24140625 0.0296875 0.0328125
0 0.334375 0.29375 0.05625 0.0234375
0 0.51015625 0.45390625 0.0640625 0.07265625
0 0.49921875 0.34140625 0.0421875 0.04453125
0 0.54921875 0.31015625 0.0421875 0.0375
0 0.3734375 0.28203125 0.046875 0.0375
0 0.51484375 0.2796875 0.0515625 0.046875
0 0.38984375 0.50703125 0.0671875 0.05625
0 0.70859375 0.4203125 0.0828125 0.09375
0 0.75 0.07265625 0.025 0.0234375
0 0.74609375 0.0984375 0.0265625 0.0328125
0 0.96953125 0.31015625 0.0484375 0.065625
0 0.690625 0.0859375 0.046875 0.05859375
0 0.48359375 0.24140625 0.0453125 0.046875
0 0.44140625 0.24296875 0.0359375 0.04921875
0 0.715625 0.20859375 0.04375 0.028125
0 0.51640625 0.42109375 0.0734375 0.06796875
0 0.790625 0.2984375 0.071875 0.0890625
0 0.2359375 0.528125 0.046875 0.0515625
0 0.43203125 0.434375 0.0796875 0.0703125
0 0.94296875 0.36875 0.0609375 0.0703125
0 0.14453125 0.99765625 0.1484375 0.0046875
0 0.42734375 0.70859375 0.0734375 0.1171875
0 0.1015625 0.75859375 0.203125 0.37109375