0 0.56953125 0.95078125 0.11796875 0.096875
0 0.8609375 0.9484375 0.128125 0.10234375
0 0.6984375 0.92578125 0.12578125 0.14765625
0 0.31875 0.909375 0.121875 0.1796875
0 0.9625 0.85546875 0.0734375 0.14609375
0 0.1046875 0.96953125 0.1421875 0.06015625
0 0.90859375 0.77578125 0.08125 0.10703125
0 0.43515625 0.71640625 0.0703125 0.09296875
0 0.2671875 0.78515625 0.07734375 0.1125
0 0.82578125 0.8890625 0.1078125 0.14140625
0 0.53515625 0.8640625 0.08515625 0.1328125
0 0.8421875 0.71953125 0.08046875 0.10234375
0 0.7671875 0.82890625 0.0921875 0.11875
0 0.2859375 0.5890625 0.0421875 0.059375
0 0.5296875 0.75390625 0.0828125 0.11875
0 0.66015625 0.7328125 0.075 0.09765625
0 0.72734375 0.5984375 0.03828125 0.06015625
0 0.359375 0.84453125 0.07890625 0.1265625
0 0.396875 0.6234375 0.05 0.06796875
0 0.77421875 0.76171875 0.084375 0.1171875
0 0.71015625 0.5609375 0.04375 0.0578125
0 0.734375 0.6234375 0.028125 0.0671875
0 0.44453125 0.92109375 0.128125 0.15625
0 0.67421875 0.859375 0.0953125 0.1203125
0 0.8109375 0.68359375 0.06484375 0.0796875
0 0.63046875 0.64765625 0.06171875 0.08671875
0 0.68203125 0.53984375 0.034375 0.03984375
0 0.60625 0.56171875 0.03359375 0.03359375
0 0.56328125 0.59375 0.0453125 0.0578125
0 0.73359375 0.7 0.06328125 0.08359375
0 0.46875 0.66953125 0.05078125 0.0671875
0 0.5125 0.7203125 0.0578125 0.08046875
0 0.515625 0.63046875 0.04921875 0.071875
0 0.64453125 0.559375 0.034375 0.04609375
0 0.35546875 0.58046875 0.0390625 0.04375
0 0.6671875 0.5203125 0.03515625 0.04296875
0 0.94296875 0.54609375 0.046875 0.0328125
0 0.74765625 0.72734375 0.06171875 0.08984375
0 0.609375 0.60390625 0.0484375 0.0578125
0 0.6625 0.58203125 0.04609375 0.06015625
0 0.6859375 0.6265625 0.05390625 0.0625
0 0.459375 0.503125 0.03125 0.0296875
0 0.4703125 0.57265625 0.0421875 0.04609375
0 0.4390625 0.49375 0.02109375 0.02734375
0 0.7078125 0.66875 0.0546875 0.07578125
0 0.40390625 0.4953125 0.02578125 0.0265625
0 0.59453125 0.54296875 0.034375 0.0359375
0 0.4109375 0.5265625 0.0328125 0.03828125
0 0.3703125 0.55546875 0.03515625 0.04609375
0 0.565625 0.50390625 0.025 0.0296875
0 0.6578125 0.684375 0.06640625 0.05859375
0 0.54921875 0.55078125 0.03125 0.0359375
0 0.6203125 0.528125 0.025 0.034375
0 0.7890625 0.640625 0.0546875 0.0796875
0 0.675 0.6109375 0.05078125 0.0515625
0 0.31484375 0.53671875 0.02734375 0.03203125