0 0.8375 0.4265625 0.08359375 0.1078125
0 0.07734375 0.95625 0.1546875 0.0875
0 0.659375 0.89765625 0.18515625 0.2046875
0 0.25078125 0.8109375 0.07890625 0.12734375
0 0.66953125 0.75 0.14296875 0.16015625
0 0.79296875 0.29140625 0.06484375 0.0875
0 0.21328125 0.96640625 0.21640625 0.0671875
0 0.528125 0.7453125 0.12578125 0.15
0 0.2359375 0.61015625 0.08046875 0.1203125
0 0.06640625 0.9015625 0.1328125 0.17265625
0 0.68515625 0.34140625 0.0765625 0.09765625
0 0.9359375 0.3953125 0.0859375 0.1
0 0.8609375 0.32890625 0.071875 0.0828125
0 0.3390625 0.60390625 0.1609375 0.1328125
0 0.04296875 0.54765625 0.0859375 0.08515625
0 0.6953125 0.66015625 0.11328125 0.13515625
0 0.0796875 0.65 0.12734375 0.1296875
0 0.30703125 0.5140625 0.09296875 0.07734375
0 0.5828125 0.6296875 0.1171875 0.1203125
0 0.14453125 0.75 0.12421875 0.13515625
0 0.75859375 0.2421875 0.059375 0.075
0 0.409375 0.6328125 0.115625 0.0953125
0 0.621875 0.19609375 0.05390625 0.07265625
0 0.140625 0.56640625 0.1 0.0828125
0 0.84609375 0.2453125 0.05625 0.06484375
0 0.74140625 0.21875 0.05625 0.07265625
0 0.57578125 0.3796875 0.0609375 0.075
0 0.8 0.1953125 0.0578125 0.06484375
0 0.6625 0.4171875 0.0765625 0.08515625
0 0.58046875 0.54375 0.0765625 0.0578125
0 0.4953125 0.66875 0.10703125 0.1171875
0 0.6546875 0.30859375 0.05390625 0.07734375
0 0.7375 0.1171875 0.04921875 0.09375
0 0.7578125 0.0109375 0.059375 0.021875
0 0.26484375 0.32734375 0.0640625 0.0734375
0 0.30234375 0.44296875 0.075 0.0640625
0 0.09609375 0.44453125 0.09921875 0.11640625
0 0.54140625 0.32109375 0.04765625 0.0609375
0 0.36640625 0.78671875 0.1625 0.2015625
0 0.6375 0.12578125 0.03671875 0.03359375