0 0.15703125 0.58984375 0.11328125 0.15390625
0 0.7578125 0.3828125 0.0984375 0.08359375
0 0.71640625 0.33984375 0.0734375 0.06015625
0 0.9453125 0.76953125 0.10703125 0.20546875
0 0.31484375 0.68203125 0.1265625 0.16640625
0 0.8609375 0.36171875 0.06484375 0.06796875
0 0.453125 0.72109375 0.1203125 0.18203125
0 0.73671875 0.609375 0.11015625 0.140625
0 0.44140625 0.87734375 0.146875 0.23984375
0 0.79140625 0.32578125 0.05 0.0625
0 0.51171875 0.59375 0.08984375 0.140625
0 0.475 0.53125 0.0765625 0.125
0 0.37578125 0.546875 0.0953125 0.16171875
0 0.63828125 0.97890625 0.1265625 0.03671875
0 0.68203125 0.7734375 0.16640625 0.21328125
0 0.70234375 0.4671875 0.078125 0.10703125
0 0.93515625 0.9296875 0.1265625 0.13046875
0 0.36171875 0.4078125 0.06328125 0.09140625
0 0.653125 0.40859375 0.0734375 0.06796875
0 0.796875 0.55859375 0.096875 0.0859375
0 0.54140625 0.50234375 0.053125 0.11484375
0 0.38984375 0.4921875 0.0703125 0.11484375
0 0.52265625 0.34375 0.04140625 0.0625
0 0.434375 0.42578125 0.06171875 0.09609375
0 0.46328125 0.47109375 0.0796875 0.11953125
0 0.8515625 0.63828125 0.1265625 0.171875
0 0.55859375 0.3734375 0.0734375 0.09609375
0 0.48515625 0.36875 0.0734375 0.09140625
0 0.85 0.928125 0.296875 0.13828125
0 0.4140625 0.37890625 0.05859375 0.08046875
0 0.609375 0.3609375 0.05859375 0.06015625
0 0.52109375 0.4453125 0.06796875 0.09375
0 0.44921875 0.3203125 0.0484375 0.07265625
0 0.546875 0.28515625 0.04296875 0.06015625
0 0.5953125 0.41953125 0.06640625 0.06796875
0 0.34296875 0.353125 0.05 0.06015625
0 0.37265625 0.28125 0.04140625 0.06796875
0 0.47578125 0.265625 0.028125 0.046875
0 0.51171875 0.2984375 0.046875 0.04453125
0 0.33671875 0.3203125 0.04296875 0.046875
0 0.39140625 0.30859375 0.05 0.06015625
0 0.49296875 0.2484375 0.0234375 0.03359375
0 0.325 0.27578125 0.03671875 0.04140625
0 0.62265625 0.44765625 0.08515625 0.046875
0 0.51015625 0.2578125 0.03671875 0.04140625
0 0.3921875 0.240625 0.03828125 0.0390625
0 0.68359375 0.51796875 0.05703125 0.09375
0 0.578125 0.321875 0.05 0.0390625
0 0.790625 0.75234375 0.16171875 0.1875
0 0.4015625 0.3453125 0.06015625 0.08046875