0 0.9609375 0.90859375 0.078125 0.1828125
0 0.82890625 0.89609375 0.2046875 0.2078125
0 0.92421875 0.7359375 0.1515625 0.22734375
0 0.48515625 0.2609375 0.1 0.07265625
0 0.734375 0.8078125 0.18515625 0.2796875
0 0.04140625 0.98515625 0.0828125 0.0265625
0 0.08203125 0.8890625 0.1265625 0.1671875
0 0.64296875 0.6515625 0.1265625 0.1671875
0 0.9640625 0.4703125 0.071875 0.1
0 0.96171875 0.3859375 0.0765625 0.09765625
0 0.5515625 0.3796875 0.0796875 0.1203125
0 0.8171875 0.66640625 0.13515625 0.19765625
0 0.69453125 0.71484375 0.13203125 0.175
0 0.1859375 0.60859375 0.09140625 0.1078125
0 0.57421875 0.45234375 0.1015625 0.15
0 0.5890625 0.51484375 0.09140625 0.13984375
0 0.56171875 0.3203125 0.0765625 0.1046875
0 0.68984375 0.4390625 0.08359375 0.1125
0 0.68203125 0.32890625 0.09296875 0.07734375
0 0.27734375 0.68125 0.075 0.0921875
0 0.85546875 0.4703125 0.0953125 0.1296875
0 0.84609375 0.40390625 0.08203125 0.0875
0 0.884375 0.39140625 0.06796875 0.1125
0 0.7828125 0.32109375 0.071875 0.07265625
0 0.29453125 0.72265625 0.071875 0.0953125
0 0.121875 0.77265625 0.09296875 0.08984375
0 0.7390625 0.4671875 0.1046875 0.08515625
0 0.71640625 0.5171875 0.103125 0.1
0 0.69296875 0.3734375 0.0765625 0.07265625
0 0.62578125 0.58359375 0.1015625 0.1375
0 0.92734375 0.5859375 0.1453125 0.22265625
0 0.76484375 0.5734375 0.1203125 0.1421875