0 0.07890625 0.71484375 0.13828125 0.45234375
0 0.29609375 0.70546875 0.1578125 0.38125
0 0.46796875 0.63828125 0.15625 0.3890625
0 0.65859375 0.60546875 0.11328125 0.35078125
0 0.79609375 0.55390625 0.11015625 0.28828125
0 0.9265625 0.52890625 0.10234375 0.25625
0 0.08046875 0.3765625 0.07578125 0.16171875
0 0.21953125 0.3671875 0.084375 0.1578125
0 0.2921875 0.33984375 0.0640625 0.1453125
0 0.38828125 0.334375 0.0640625 0.14453125
0 0.5015625 0.325 0.06484375 0.140625
0 0.58125 0.30078125 0.071875 0.11484375
0 0.6671875 0.28515625 0.075 0.11796875
0 0.77421875 0.28671875 0.05859375 0.10703125
0 0.865625 0.271875 0.0421875 0.10546875
0 0.29609375 0.1625 0.03515625 0.07734375
0 0.24609375 0.1734375 0.021875 0.09140625
0 0.2 0.171875 0.025 0.0890625
0 0.15546875 0.17890625 0.04453125 0.11640625
0 0.58046875 0.14453125 0.0234375 0.08359375
0 0.51640625 0.14609375 0.05078125 0.08671875
0 0.4328125 0.1546875 0.028125 0.0796875