0 0.946875 0.68359375 0.10625 0.5140625
0 0.72578125 0.67421875 0.17890625 0.43203125
0 0.53125 0.59765625 0.17734375 0.44140625
0 0.31484375 0.56015625 0.128125 0.39765625
0 0.159375 0.5015625 0.12421875 0.3265625
0 0.03515625 0.4734375 0.0703125 0.290625
0 0.9640625 0.2984375 0.071875 0.18125
0 0.8125 0.290625 0.0953125 0.17890625
0 0.7296875 0.259375 0.07265625 0.16484375
0 0.621875 0.25234375 0.071875 0.1640625
0 0.49375 0.2421875 0.0734375 0.159375
0 0.40234375 0.21484375 0.08125 0.1296875
0 0.30546875 0.196875 0.08515625 0.13359375
0 0.184375 0.1984375 0.06640625 0.12109375
0 0.08125 0.18203125 0.04765625 0.11953125
0 0.72578125 0.0578125 0.03984375 0.0875
0 0.7828125 0.0703125 0.02421875 0.103125
0 0.834375 0.06875 0.02890625 0.10078125
0 0.88515625 0.0765625 0.05 0.13203125
0 0.40390625 0.04140625 0.0265625 0.0828125
0 0.47734375 0.04375 0.0578125 0.0875
0 0.57109375 0.04921875 0.03203125 0.090625