0 0.0640625 0.7 0.128125 0.48125
0 0.2859375 0.69140625 0.16796875 0.4046875
0 0.46796875 0.6203125 0.16640625 0.4140625
0 0.6703125 0.584375 0.1203125 0.37265625
0 0.81640625 0.53046875 0.11640625 0.30625
0 0.95 0.50390625 0.1 0.271875
0 0.05625 0.34140625 0.08046875 0.171875
0 0.2046875 0.33203125 0.0890625 0.16796875
0 0.28203125 0.30234375 0.06796875 0.1546875
0 0.3828125 0.296875 0.0671875 0.15390625
0 0.503125 0.28671875 0.06875 0.15
0 0.58828125 0.26171875 0.07578125 0.121875
0 0.67890625 0.24453125 0.0796875 0.12578125
0 0.79296875 0.24609375 0.0625 0.11328125
0 0.88984375 0.23046875 0.04453125 0.1125
0 0.28515625 0.1140625 0.03671875 0.08203125
0 0.2328125 0.12578125 0.02265625 0.096875
0 0.18359375 0.12421875 0.0265625 0.09453125
0 0.13671875 0.13203125 0.046875 0.12421875
0 0.58671875 0.09453125 0.025 0.08828125
0 0.51875 0.096875 0.05390625 0.0921875
0 0.43046875 0.10625 0.0296875 0.084375